260
301
325
269
262
331
268
261
380
254
305
370
390
398
314
235
261
329
295
275
219
298
299
362
347
302
314
292
285
323
376
272
407
358
298
177
363
245
290
312
295
286
316
244
73
333
244
285
222
261
261
249
352
292
245
293
255
223
332
369
290
340
254
266
304
385
273
309
338
296
327
198
286
280
252
284
258
263
288
227
213
237
214
305
248
345
256
311
260
317
230
201
277
286
307
238
255
253
291
261
234
344
257
318
281
349
209
288
239
219
274
294
262
235
283
280
296
252
186
310
339
260
244
274
270
262
295
277
232
67
141
279
269
249
257
289
316
283
227
249
272
254
248
243
238
390
283
280
170
232
209
288
239
180
249
283
215
248
318
175
345
284
341
181
187
335
253
274
259
269
333
302
344
372
296
230
290
376
300
309
274
237
346
254
304
150
245
273
246
285
285
402
438
349
254
282
333
223
321
306
306
362
275
295
323
318
270
250
333
428
292
354
297
253
267
312
211
247
288
233
247
259
274
277
298
399
342
278
282
314
310
303
263
329
288
264
270
258
339
267
268
149
258
299
259
307
350
277
313
380
270
249
253
273
401
364
277
347
285
322
327
286
274
210
292
246
306
288
248
267
244
285
297
328
332
341
241
134
303
276
348
245
340
335
271
327
293
311
260
370
285
309
220
236
221
315
248
256
235
270
199
229
145
220
347
307
262
386
237
309
315
292
281
316
441
433
352
330
274
259
279
356
285
273
271
248
328
257
304
360
312
299
267
288
205
313
220
317
266
246
227
315
225
259
323
361
313
270
275
320
286
276
284
245
453
210
287
283
248
342
165
275
191
261
235
278
309
305
293
253
249
269
289
239
378
311
266
266
269
247
314
260
312
329
217
257
280
285
394
287
262
337
270
395
357
353
283
323
242
258
307
309
297
286
270
214
329
279
243
270
243
247
283
247
253
223
268
252
350
213
357
314
279
324
255
220
287
286
249
319
245
263
240
208
266
281
263
247
279
360
246
232
302
266
266
237
269
301
267
238
227
368
117
249
233
286
183
248
363
154
236
244
297
270
219
238
256
280
295
220
259
296
453
353
283
243
314
263
314
285
269
204
322
238
226
280
280
223
211
195
283
321
241
306
265
271
225
272
294
307
195
195
195
195
195
195
195
195
195
195
195
195
195
195
195
195
195
195
195
195
195
195
195
195
195
195
195
195
195
195
195
195
195
195
195
195
195
195
195
195
195
195
195
195
195
195
195
195
195
195
